BOY1,6,18146,10,8,47381,3
BOY2,2,17832,6,5,27810,2
BOY3,2,17652,2,5,23961,1
BOY4,6,19803,3,3,31489,3
BOY5,5,15065,5,2,48631,2
BOY6,3,15347,6,3,35693,2
BOY7,5,19898,8,5,44607,3
BOY8,9,16391,10,7,40589,1
BOY9,5,17489,7,3,41607,1
BOY10,6,19940,8,2,44529,2
BOY11,9,17143,6,4,21802,1
BOY12,2,16123,9,8,47548,1
BOY13,10,19115,3,6,47756,2
BOY14,3,18076,3,3,38004,1
BOY15,5,15538,2,4,30286,1
BOY16,10,15708,7,4,33098,3
BOY17,2,19414,6,6,22660,1
BOY18,7,15658,9,5,32098,2
BOY19,6,17185,7,8,17153,2
BOY20,7,15849,10,8,47750,3
BOY1,10,16745,2,4,34597,2
BOY2,7,18061,2,2,19926,1
BOY3,2,18867,10,6,33627,3
BOY4,6,18831,8,6,44850,1
BOY5,2,16992,6,4,36174,3
BOY6,7,16758,6,6,30998,3
BOY7,3,17181,9,1,42384,3
BOY8,3,17556,2,7,24350,3
BOY9,8,17382,2,0,36180,2
BOY10,4,17479,5,8,24944,2
BOY11,5,17576,3,8,37586,3
BOY12,3,19751,8,1,48200,2
BOY13,7,18696,10,6,36638,2
BOY14,3,18588,10,6,33547,3
BOY15,7,18762,10,4,29470,1
BOY16,10,19529,2,0,42005,2
BOY17,9,18374,2,4,23361,2
BOY18,5,16936,4,4,32630,3
BOY19,10,17390,10,1,24529,1
BOY20,6,15713,6,5,33805,2
BOY1,5,17853,5,7,34483,2
BOY2,8,17255,8,8,20553,1
BOY3,4,15187,10,2,16904,2
BOY4,6,19228,6,3,37936,3
BOY5,4,17915,6,2,42638,1
BOY6,2,19303,3,7,49244,2
BOY7,8,16199,2,3,35954,2
BOY8,4,18590,9,6,45456,1
BOY9,6,17626,5,3,22055,3
BOY10,5,18101,4,0,33736,3
BOY11,4,16517,7,5,21811,1
BOY12,6,17223,10,3,25549,1
BOY13,9,15489,7,6,23376,1
BOY14,8,19815,5,7,32379,2
BOY15,6,17054,8,1,48329,1
BOY16,5,15885,7,7,36393,2
BOY17,10,16817,9,1,30647,2
BOY18,4,19191,4,8,32736,3
BOY19,3,17753,6,0,42768,2
BOY20,9,19508,5,4,29099,2
BOY1,10,16458,2,4,45437,3
BOY2,7,19829,2,7,41448,1
BOY3,4,19482,7,7,44183,2
BOY4,5,15862,8,0,15580,1
BOY5,5,16864,10,2,40388,3
BOY6,3,15447,2,8,34387,2
BOY7,8,18662,6,3,41147,3
BOY8,5,19910,5,5,21664,2
BOY9,6,15696,5,1,40265,1
BOY10,9,19028,6,3,22776,3
BOY11,2,16609,9,6,23497,3
BOY12,7,15691,10,5,22176,3
BOY13,7,16441,10,5,37500,3
BOY14,10,15493,5,6,20021,3
BOY15,5,19250,3,1,36036,2
BOY16,10,18608,2,3,37074,1
BOY17,8,18978,2,7,21985,3
BOY18,5,19105,6,5,43391,3
BOY19,8,17175,6,6,47495,3
BOY20,9,18459,8,7,40629,2
BOY1,7,17837,7,4,26323,1
BOY2,10,15002,8,1,36347,2
BOY3,2,15270,10,0,41893,1
BOY4,6,18125,3,5,32801,1
BOY5,10,19056,6,2,32959,3
BOY6,8,18735,7,1,43379,1
BOY7,5,15156,2,0,43843,3
BOY8,8,16693,9,6,17459,3
BOY9,4,19109,10,2,22754,1
BOY10,4,19325,8,1,16809,3
BOY11,8,15637,9,2,15909,2
BOY12,3,16953,7,1,46846,1
BOY13,3,17126,4,2,17978,3
BOY14,5,18190,8,0,42617,1
BOY15,7,16592,5,0,32093,3
BOY16,2,16034,8,2,47486,2
BOY17,9,19425,5,5,26877,3
BOY18,9,16235,4,0,48027,3
BOY19,2,15282,10,1,45071,2
BOY20,7,15775,9,3,32820,3
BOY1,3,17554,3,1,34633,2
BOY2,6,17752,10,5,21239,1
BOY3,8,15663,3,4,29485,3
BOY4,7,15262,2,7,18998,2
BOY5,8,16811,2,4,24624,2
BOY6,2,15404,10,5,43546,2
BOY7,7,16392,7,5,38205,1
BOY8,8,19119,8,0,36139,1
BOY9,8,19002,6,2,16898,2
BOY10,2,15251,6,5,32286,2
BOY11,3,17839,3,5,16583,1
BOY12,9,17061,8,6,17744,2
BOY13,7,15598,3,1,24231,2
BOY14,7,15060,10,1,40790,1
BOY15,2,15948,2,2,16360,3
BOY16,6,17288,10,3,36245,2
BOY17,2,18821,5,0,47689,3
BOY18,9,15119,10,8,38291,2
BOY19,2,15452,9,0,43045,3
BOY20,6,15944,8,3,22793,1
BOY1,7,19606,9,8,36901,2
BOY2,7,16092,3,3,38418,2
BOY3,10,16623,10,8,24128,3
BOY4,4,15471,2,5,16019,3
BOY5,4,17348,6,0,36256,2
BOY6,5,17426,9,5,17515,3
BOY7,2,18141,10,5,22003,2
BOY8,7,15233,10,5,31453,3
BOY9,5,16901,2,0,15550,1
BOY10,6,17199,7,4,43083,2
BOY11,4,18599,3,4,28505,1
BOY12,10,18340,5,3,36597,2
BOY13,2,19632,6,8,44039,2
BOY14,6,18321,3,1,44580,1
BOY15,7,18711,7,3,19265,1
BOY16,9,18056,6,3,40256,1
BOY17,5,19487,8,5,27932,2
BOY18,6,19943,4,3,41909,1
BOY19,6,16694,3,0,27654,3
BOY20,8,17529,8,1,36628,3
BOY1,3,16872,8,2,31420,2
BOY2,8,16371,4,1,27518,1
BOY3,8,17522,6,7,18305,1
BOY4,3,18145,8,4,38170,3
BOY5,3,17931,3,2,38464,3
BOY6,10,18695,10,4,20047,3
BOY7,6,19379,3,7,34256,2
BOY8,9,15004,6,8,49149,2
BOY9,9,19359,10,3,17803,3
BOY10,4,15133,8,8,19822,1
BOY11,6,18659,4,5,23056,1
BOY12,4,15185,3,0,22637,3
BOY13,5,18905,3,4,16567,2
BOY14,4,15619,9,7,33668,2
BOY15,10,16098,2,6,17164,3
BOY16,5,18309,3,1,46169,3
BOY17,6,15380,6,3,30058,2
BOY18,10,19354,7,7,15813,1
BOY19,6,15668,10,2,33681,2
BOY20,6,15279,4,0,41196,1
BOY1,5,19982,4,3,42889,3
BOY2,5,18065,9,0,35997,2
BOY3,4,15473,5,7,46538,3
BOY4,3,16649,4,1,42925,2
BOY5,3,15056,2,0,28068,2
BOY6,2,15354,8,3,41174,1
BOY7,8,17283,8,0,21798,1
BOY8,7,18985,6,8,25324,1
BOY9,8,16103,8,8,39491,1
BOY10,10,19512,9,0,29243,3
BOY11,8,18369,7,0,20238,1
BOY12,9,19812,2,5,19201,1
BOY13,9,18150,8,2,42104,3
BOY14,4,17491,3,5,34630,1
BOY15,7,17564,8,0,43302,1
BOY16,2,16893,6,1,46094,1
BOY17,10,19483,7,1,45111,2
BOY18,3,19613,6,5,22208,1
BOY19,5,15707,10,1,35557,3
BOY20,4,18921,6,4,27095,1
BOY1,5,15799,10,7,31191,2
BOY2,10,15856,9,6,32210,2
BOY3,3,18160,2,2,27244,1
BOY4,2,15109,7,5,20525,1
BOY5,6,17834,7,6,45784,2
BOY6,2,18655,10,4,41838,2
BOY7,2,15009,3,4,18476,2
BOY8,9,17063,8,8,19666,2
BOY9,10,18601,5,0,21185,1
BOY10,6,16673,9,2,33463,1
BOY11,7,15884,6,7,45854,3
BOY12,3,16792,2,7,37022,3
BOY13,9,15345,6,2,19387,2
BOY14,10,16052,10,5,25316,3
BOY15,5,15925,2,4,23523,2
BOY16,7,15563,5,7,20310,1
BOY17,2,17659,7,6,33897,2
BOY18,2,16953,10,0,44217,3
BOY19,5,16226,4,5,42007,1
BOY20,3,19910,9,4,20428,3
BOY1,5,19390,3,2,18997,3
BOY2,3,15789,3,7,20224,2
BOY3,2,15137,3,8,15783,2
BOY4,8,16840,7,2,36034,3
BOY5,5,18186,3,0,31972,3
BOY6,9,15805,6,4,24112,1
BOY7,5,16731,4,7,19135,1
BOY8,3,15077,5,8,19748,3
BOY9,5,16156,3,3,35078,2
BOY10,9,16103,2,4,19742,3
BOY11,5,17448,3,5,15356,1
BOY12,7,18647,8,8,41141,1
BOY13,6,15023,5,5,45322,2
BOY14,4,18961,3,1,26472,3
BOY15,5,19832,10,7,30222,1
BOY16,5,15394,5,5,27926,2
BOY17,4,16642,7,1,44252,3
BOY18,8,16348,6,0,19812,1
BOY19,9,16673,9,0,27632,1
BOY20,8,16213,4,7,45221,3
