GIFT1,10,1893,8,3
GIFT2,9,1817,5,1
GIFT3,2,1812,10,1
GIFT4,10,1851,2,3
GIFT5,8,1806,6,3
GIFT6,6,1898,2,3
GIFT7,10,1777,3,1
GIFT8,10,1954,3,3
GIFT9,8,1977,5,2
GIFT10,9,1557,2,2
GIFT11,2,1685,7,3
GIFT12,2,1786,8,3
GIFT13,8,1799,7,2
GIFT14,7,1638,3,3
GIFT15,4,1579,2,2
GIFT16,4,1547,6,3
GIFT17,8,1714,9,1
GIFT18,8,1693,6,2
GIFT19,8,1922,9,1
GIFT20,5,1702,3,2
GIFT1,2,1951,4,1
GIFT2,2,1609,6,3
GIFT3,3,1803,9,1
GIFT4,7,1946,5,1
GIFT5,10,1610,2,2
GIFT6,6,1902,9,2
GIFT7,8,1801,9,2
GIFT8,9,1934,3,3
GIFT9,10,1842,10,2
GIFT10,8,1695,9,2
GIFT11,8,1521,3,2
GIFT12,7,1739,5,2
GIFT13,5,1659,4,2
GIFT14,6,1714,5,3
GIFT15,8,1930,9,3
GIFT16,9,1833,4,1
GIFT17,10,1843,4,2
GIFT18,10,1698,9,3
GIFT19,2,1529,7,1
GIFT20,6,1546,7,3
GIFT1,8,1836,2,3
GIFT2,9,1637,6,1
GIFT3,3,1835,7,3
GIFT4,9,1931,4,3
GIFT5,3,1954,9,2
GIFT6,9,1927,6,2
GIFT7,10,1595,5,2
GIFT8,6,1532,7,1
GIFT9,2,1806,8,3
GIFT10,10,1677,7,3
GIFT11,2,1810,10,3
GIFT12,6,1600,8,2
GIFT13,9,1891,10,3
GIFT14,6,1923,10,1
GIFT15,10,1999,7,1
GIFT16,3,1960,2,3
GIFT17,10,1732,4,1
GIFT18,2,1935,9,2
GIFT19,6,1711,2,3
GIFT20,6,1620,10,2
GIFT1,10,1902,9,1
GIFT2,5,1675,4,3
GIFT3,8,1738,3,3
GIFT4,8,1553,5,2
GIFT5,5,1992,4,3
GIFT6,7,1717,10,3
GIFT7,4,1762,10,3
GIFT8,10,1698,3,2
GIFT9,3,1685,4,3
GIFT10,10,1850,4,3
GIFT11,5,1717,10,2
GIFT12,2,1602,5,3
GIFT13,5,1845,4,2
GIFT14,9,1953,5,3
GIFT15,4,1775,10,3
GIFT16,5,1688,3,1
GIFT17,6,1758,8,2
GIFT18,4,1689,4,1
GIFT19,3,1818,9,2
GIFT20,3,1595,3,1
GIFT1,3,1788,9,3
GIFT2,8,1610,9,2
GIFT3,4,1525,10,2
GIFT4,4,1715,3,3
GIFT5,10,1561,3,1
GIFT6,3,1835,6,1
GIFT7,6,1845,6,2
GIFT8,2,1900,10,2
GIFT9,5,1622,4,3
GIFT10,8,1628,6,3
GIFT11,10,1556,10,2
GIFT12,4,1565,4,2
GIFT13,6,1556,5,3
GIFT14,4,1929,5,1
GIFT15,8,1586,6,1
GIFT16,9,1667,3,2
GIFT17,5,1794,10,2
GIFT18,5,1529,4,2
GIFT19,3,1537,8,3
GIFT20,5,1524,2,1
GIFT1,2,1572,9,1
GIFT2,2,1725,4,3
GIFT3,3,1733,10,3
GIFT4,10,1545,4,1
GIFT5,4,1916,8,1
GIFT6,4,1938,2,2
GIFT7,3,1956,8,3
GIFT8,7,1523,7,1
GIFT9,8,1842,4,2
GIFT10,10,1526,8,1
GIFT11,4,1959,6,2
GIFT12,9,1847,3,1
GIFT13,5,1998,7,1
GIFT14,9,1835,8,2
GIFT15,7,1708,4,1
GIFT16,6,1995,6,3
GIFT17,6,1964,2,2
GIFT18,10,1831,9,2
GIFT19,3,1804,3,1
GIFT20,3,1693,7,3
GIFT1,8,1694,5,3
GIFT2,2,1739,6,3
GIFT3,8,1732,9,3
GIFT4,3,1822,3,1
GIFT5,4,1965,6,2
GIFT6,10,1666,8,1
GIFT7,9,1906,7,2
GIFT8,2,1889,10,1
GIFT9,7,1526,10,1
GIFT10,3,1980,4,2
GIFT11,5,1909,9,2
GIFT12,8,1895,3,2
GIFT13,7,1760,7,1
GIFT14,4,1847,10,3
GIFT15,9,1722,10,2
GIFT16,9,1857,7,3
GIFT17,10,1827,9,2
GIFT18,5,1726,5,1
GIFT19,4,1721,2,1
GIFT20,2,1727,9,1
GIFT1,3,1764,9,2
GIFT2,4,1598,4,2
GIFT3,10,1520,6,3
GIFT4,2,1537,7,3
GIFT5,10,1793,9,2
GIFT6,4,1684,2,1
GIFT7,10,1651,5,3
GIFT8,3,1512,4,3
GIFT9,6,1651,10,3
GIFT10,5,1765,2,3
GIFT11,5,1803,3,3
GIFT12,4,1609,8,1
GIFT13,8,1645,5,1
GIFT14,2,1908,8,1
GIFT15,8,1968,7,2
GIFT16,8,1701,10,1
GIFT17,5,1510,3,1
GIFT18,10,1844,9,3
GIFT19,4,1534,2,3
GIFT20,8,1897,2,2
GIFT1,4,1853,6,2
GIFT2,3,1675,4,2
GIFT3,3,1661,4,1
GIFT4,6,1724,4,3
GIFT5,8,1569,2,2
GIFT6,6,1592,8,1
GIFT7,4,1695,3,1
GIFT8,2,1734,2,3
GIFT9,2,1529,4,1
GIFT10,4,1635,3,2
GIFT11,5,1667,6,3
GIFT12,3,1980,4,2
GIFT13,6,1922,2,3
GIFT14,4,1550,6,3
GIFT15,9,1536,7,1
GIFT16,4,1505,5,2
GIFT17,5,1675,4,1
GIFT18,2,1998,2,2
GIFT19,6,1801,3,3
GIFT20,2,1809,4,1
GIFT1,9,1625,4,2
GIFT2,10,1883,8,2
GIFT3,3,1637,5,2
GIFT4,8,1745,3,3
GIFT5,8,1940,9,2
GIFT6,5,1935,4,1
GIFT7,6,1631,7,2
GIFT8,6,1893,7,1
GIFT9,8,1691,4,2
GIFT10,6,1628,2,3
GIFT11,6,1609,5,2
GIFT12,8,1639,7,3
GIFT13,8,1755,3,1
GIFT14,2,1861,2,3
GIFT15,7,1593,8,3
GIFT16,5,1921,6,3
GIFT17,4,1879,7,2
GIFT18,5,1902,5,3
GIFT19,5,1549,4,2
GIFT20,7,1835,4,1
GIFT1,4,1678,7,3
GIFT2,8,1814,9,3
GIFT3,4,1823,10,3
GIFT4,3,1988,2,1
GIFT5,7,1892,8,3
GIFT6,8,1731,4,3
GIFT7,6,1571,6,1
GIFT8,3,1611,7,1
GIFT9,8,1859,4,2
GIFT10,2,1752,2,3
GIFT11,5,1815,3,3
GIFT12,2,1633,8,1
GIFT13,10,1690,3,3
GIFT14,3,1957,5,3
GIFT15,10,1777,3,1
GIFT16,5,1983,4,1
GIFT17,2,1798,4,1
GIFT18,3,1645,2,3
GIFT19,7,1707,6,2
GIFT20,7,1831,7,2
GIFT1,8,1521,7,1
GIFT2,9,1872,4,3
GIFT3,6,1525,3,3
GIFT4,3,1510,2,2
GIFT5,2,1572,4,2
GIFT6,6,1681,4,3
GIFT7,9,1898,2,1
GIFT8,5,1866,10,1
GIFT9,7,1979,3,2
GIFT10,7,1562,6,2
GIFT11,2,1531,5,3
GIFT12,9,1535,9,1
GIFT13,2,1684,2,3
GIFT14,2,1708,8,3
GIFT15,7,1543,8,2
GIFT16,4,1586,6,3
GIFT17,6,1553,4,3
GIFT18,10,1997,7,2
GIFT19,9,1514,8,3
GIFT20,2,1864,2,1
GIFT1,10,1952,5,3
GIFT2,9,1842,8,1
GIFT3,10,1799,5,1
GIFT4,5,1625,8,2
GIFT5,6,1910,10,3
GIFT6,5,1609,8,1
GIFT7,3,1561,5,2
GIFT8,2,1650,4,3
GIFT9,10,1739,7,3
GIFT10,3,1849,4,3
GIFT11,3,1551,5,3
GIFT12,7,1669,4,3
GIFT13,5,1601,7,2
GIFT14,10,1850,7,1
GIFT15,7,1632,2,2
GIFT16,4,1915,7,1
GIFT17,4,1599,8,3
GIFT18,3,1640,8,2
GIFT19,2,1782,5,3
GIFT20,8,1525,7,2
GIFT1,3,1963,9,1
GIFT2,2,1911,3,2
GIFT3,6,1987,9,2
GIFT4,7,1540,9,2
GIFT5,8,1787,5,3
GIFT6,4,1521,4,3
GIFT7,4,1551,2,3
GIFT8,9,1574,3,2
GIFT9,2,1919,5,2
GIFT10,5,1975,9,3
GIFT11,7,1716,5,1
GIFT12,4,1718,8,2
GIFT13,9,1555,2,2
GIFT14,7,1533,2,3
GIFT15,4,1722,8,2
GIFT16,7,1989,10,3
GIFT17,3,1864,10,2
GIFT18,3,1713,9,3
GIFT19,5,1661,2,2
GIFT20,8,1598,2,1
GIFT1,5,1632,10,1
GIFT2,6,1894,9,3
GIFT3,3,1756,7,1
GIFT4,8,1766,3,1
GIFT5,7,1631,9,3
GIFT6,8,1825,9,1
GIFT7,6,1883,10,1
GIFT8,8,1850,7,2
GIFT9,10,1782,9,2
GIFT10,4,1975,6,2
GIFT11,7,1837,8,3
GIFT12,7,1713,2,2
GIFT13,5,1725,5,3
GIFT14,10,1688,9,1
GIFT15,3,1687,3,1
GIFT16,2,1940,4,2
GIFT17,9,1850,7,3
GIFT18,4,1577,3,2
GIFT19,9,1967,10,3
GIFT20,2,1601,6,2
GIFT1,3,1679,9,1
GIFT2,6,1970,4,1
GIFT3,8,1979,6,3
GIFT4,9,1839,3,3
GIFT5,10,1709,8,3
GIFT6,7,1900,3,3
GIFT7,10,1895,6,2
GIFT8,4,1682,7,1
GIFT9,7,1941,7,3
GIFT10,5,1765,6,3
GIFT11,3,1946,6,2
GIFT12,6,1752,7,2
GIFT13,7,1535,2,2
GIFT14,7,1851,3,1
GIFT15,8,1534,6,1
GIFT16,4,1625,2,2
GIFT17,9,1746,2,3
GIFT18,4,1975,2,3
GIFT19,7,1674,2,3
GIFT20,4,1545,8,2
GIFT1,2,1762,2,2
GIFT2,7,1886,8,1
GIFT3,7,1832,2,3
GIFT4,6,1942,5,3
GIFT5,7,1969,6,2
GIFT6,6,1902,7,2
GIFT7,9,1881,10,1
GIFT8,5,1797,8,2
GIFT9,3,1942,6,3
GIFT10,2,1987,6,1
GIFT11,9,1951,4,3
GIFT12,10,1535,4,2
GIFT13,5,1974,6,3
GIFT14,10,1954,9,1
GIFT15,10,1505,6,1
GIFT16,6,1677,9,1
GIFT17,2,1841,6,3
GIFT18,5,1764,8,1
GIFT19,6,1891,8,2
GIFT20,9,1937,7,3
GIFT1,8,1508,8,1
GIFT2,8,1989,9,1
GIFT3,10,1982,7,2
GIFT4,7,1855,10,2
GIFT5,9,1585,2,1
GIFT6,5,1999,5,2
GIFT7,9,1946,4,1
GIFT8,9,1673,5,2
GIFT9,2,1786,7,3
GIFT10,5,1508,6,3
GIFT11,5,1501,2,2
GIFT12,10,1907,10,2
GIFT13,2,1702,10,3
GIFT14,3,1775,2,3
GIFT15,5,1721,3,1
GIFT16,5,1600,2,2
GIFT17,2,1723,10,2
GIFT18,3,1865,8,2
GIFT19,4,1653,4,3
GIFT20,3,1903,6,1
GIFT1,3,1563,3,3
GIFT2,8,1714,10,1
GIFT3,6,1829,10,3
GIFT4,8,1788,6,3
GIFT5,9,1681,9,1
GIFT6,4,1616,10,3
GIFT7,3,1565,6,3
GIFT8,8,1713,8,2
GIFT9,6,1942,7,3
GIFT10,2,1593,6,2
GIFT11,2,1707,3,2
GIFT12,6,1553,7,1
GIFT13,6,1710,9,3
GIFT14,10,1993,6,2
GIFT15,4,1720,10,2
GIFT16,5,1907,10,1
GIFT17,6,1740,9,1
GIFT18,5,1950,2,2
GIFT19,2,1598,4,2
GIFT20,6,1930,9,2
GIFT1,6,1731,10,3
GIFT2,4,1632,4,3
GIFT3,9,1532,8,2
GIFT4,8,1846,5,3
GIFT5,10,1901,8,2
GIFT6,2,1823,8,3
GIFT7,8,1889,5,2
GIFT8,4,1544,3,3
GIFT9,2,1794,7,3
GIFT10,9,1801,6,2
GIFT11,10,1667,9,1
GIFT12,3,1688,2,2
GIFT13,4,1572,9,2
GIFT14,5,1766,3,2
GIFT15,6,1896,5,3
GIFT16,7,1684,2,1
GIFT17,3,1568,7,1
GIFT18,10,1955,2,2
GIFT19,7,1742,9,1
GIFT20,7,1851,2,3
GIFT1,10,1625,9,2
GIFT2,6,1598,2,2
GIFT3,6,1730,10,2
GIFT4,8,1538,8,2
GIFT5,6,1530,8,2
GIFT6,4,1839,10,2
GIFT7,5,1812,9,3
GIFT8,5,1886,3,1
GIFT9,10,1776,4,2
GIFT10,7,1642,10,1
GIFT11,7,1657,7,3
GIFT12,8,1545,8,3
GIFT13,4,1670,2,2
GIFT14,9,1735,7,2
GIFT15,5,1766,8,1
GIFT16,6,1976,5,1
GIFT17,3,1941,5,1
GIFT18,5,1962,6,3
GIFT19,5,1746,6,3
GIFT20,6,1961,3,1
GIFT1,10,1538,5,2
GIFT2,4,1849,7,1
GIFT3,2,1768,7,2
GIFT4,7,1593,5,1
GIFT5,7,1850,3,3
GIFT6,2,1708,2,2
GIFT7,10,1993,4,2
GIFT8,4,1968,2,1
GIFT9,4,1560,10,2
GIFT10,6,1948,3,2
GIFT11,2,1612,6,1
GIFT12,4,1885,5,2
GIFT13,7,1521,2,2
GIFT14,7,1513,10,1
GIFT15,9,1582,2,3
GIFT16,5,1832,5,3
GIFT17,9,1741,8,1
GIFT18,8,1832,2,3
GIFT19,3,1871,9,2
GIFT20,6,1645,10,2
GIFT1,7,1644,4,2
GIFT2,6,1771,6,1
GIFT3,10,1903,8,2
GIFT4,9,1764,8,1
GIFT5,4,1606,2,3
GIFT6,5,1759,6,3
GIFT7,6,1584,4,3
GIFT8,5,1970,8,2
GIFT9,2,1588,7,1
GIFT10,10,1664,10,2
GIFT11,7,1953,2,1
GIFT12,10,1726,9,1
GIFT13,8,1525,3,2
GIFT14,7,1837,2,1
GIFT15,9,1817,10,1
GIFT16,3,1759,10,2
GIFT17,6,1553,2,2
GIFT18,10,1877,4,1
GIFT19,10,1559,5,3
GIFT20,8,1701,4,3
GIFT1,3,1984,4,1
GIFT2,9,1748,5,1
GIFT3,3,1747,4,3
GIFT4,3,1863,9,3
GIFT5,2,1553,3,2
GIFT6,10,1821,9,2
GIFT7,7,1747,10,3
GIFT8,4,1803,3,2
GIFT9,10,1522,3,3
GIFT10,5,1596,5,3
GIFT11,7,1827,10,2
GIFT12,10,1668,3,3
GIFT13,10,1637,10,2
GIFT14,3,1735,7,1
GIFT15,8,1738,10,1
GIFT16,3,1690,7,3
GIFT17,6,1848,5,2
GIFT18,2,1506,8,2
GIFT19,9,1738,3,3
GIFT20,6,1776,7,3
GIFT1,10,1871,8,1
GIFT2,9,1884,4,2
